96
25 25 0 0 255
75 25 0 255 0
125 25 255 255 0
175 25 0 255 0
225 25 255 0 0
275 25 0 255 0
325 25 0 0 255
375 25 255 0 0
425 25 255 255 0
475 25 255 255 0
525 25 255 0 0
575 25 255 0 0
625 25 255 255 0
675 25 255 0 0
725 25 0 255 0
775 25 0 0 255
825 25 255 255 255
875 25 255 255 255
925 25 255 255 0
975 25 255 0 0
1025 25 255 255 0
1075 25 0 0 255
1125 25 255 255 0
1175 25 0 0 255
25 75 255 255 0
75 75 255 255 0
125 75 255 255 255
175 75 255 255 0
225 75 255 0 0
275 75 0 0 255
325 75 0 0 255
375 75 255 255 0
425 75 0 0 255
475 75 0 0 255
525 75 0 0 255
575 75 0 255 0
625 75 0 0 255
675 75 0 0 255
725 75 255 255 0
775 75 255 255 0
825 75 0 0 255
875 75 255 0 0
925 75 0 255 0
975 75 0 255 0
1025 75 0 0 255
1075 75 255 255 255
1125 75 255 255 255
1175 75 0 0 255
25 125 255 255 255
75 125 255 255 255
125 125 255 255 255
175 125 255 255 255
225 125 255 0 0
275 125 0 0 255
325 125 255 0 0
375 125 0 0 255
425 125 255 255 255
475 125 255 255 255
525 125 0 255 0
575 125 0 255 0
625 125 255 0 0
675 125 0 255 0
725 125 0 0 255
775 125 255 0 0
825 125 255 255 0
875 125 0 0 255
925 125 0 0 255
975 125 255 0 0
1025 125 255 0 0
1075 125 255 255 255
1125 125 255 255 0
1175 125 0 255 0
25 175 255 255 0
75 175 255 255 255
125 175 0 255 0
175 175 0 255 0
225 175 255 255 255
275 175 255 0 0
325 175 255 255 255
375 175 255 255 255
425 175 255 0 0
475 175 255 255 255
525 175 255 255 0
575 175 255 255 0
625 175 0 255 0
675 175 0 0 255
725 175 0 0 255
775 175 0 255 0
825 175 0 255 0
875 175 255 255 255
925 175 255 255 255
975 175 255 0 0
1025 175 255 255 255
1075 175 0 255 0
1125 175 0 255 0
1175 175 255 255 0
